35
01 01 2018 02 01 2018 YM
02 01 2018 03 01 2018 YM
03 01 2018 04 01 2018 YM
04 01 2018 05 01 2018 YM
05 01 2018 06 01 2018 YM
30 03 2018 31 03 2018 YM
02 04 2018 03 04 2018 YM
03 04 2018 04 04 2018 YM
04 04 2018 05 04 2018 YM
05 04 2018 06 04 2018 YM
06 04 2018 07 04 2018 YM
01 05 2018 02 05 2018 YM
02 05 2018 03 05 2018 YM
03 05 2018 04 05 2018 YM
04 05 2018 05 05 2018 YM
10 05 2018 11 05 2018 YM
11 05 2018 12 05 2018 YM
21 05 2018 22 05 2018 YM
22 05 2018 23 05 2018 YM
23 05 2018 24 05 2018 YM
24 05 2018 25 05 2018 YM
25 05 2018 26 05 2018 YM
03 10 2018 04 10 2018 YM
04 10 2018 05 10 2018 YM
05 10 2018 06 10 2018 YM
19 10 2018 20 10 2018 M
24 12 2018 22 12 2018 YM
25 12 2018 24 12 2018 YM
26 12 2018 27 12 2018 YM
27 12 2018 28 12 2018 YM
28 12 2018 29 12 2018 YM
01 01 2019 02 01 2019 YM
02 01 2019 03 01 2019 YM
03 01 2019 04 01 2019 YM
04 01 2019 05 01 2019 YM
